dn: cn=schema.ldif
olcAttributeTypes: ( 1.2.840.113556.1.4.221 NAME 'sAMAccountName' SYNTAX '1.3.6.1.4.1.1466.115.121.1.15' SINGLE-VALUE )
olcAttributeTypes: ( 1.2.840.113556.1.2.102 NAME 'memberOf' SYNTAX 1.3.6.1.4.1.1466.115.121.1.12 )